#ID, Diameter,  Xcor,  Ycor,  Zcor
1,14.567,206.71,150.36,138.1
2,14.374,91.504,105.3,196.45
3,14.129,81.57,17.712,182.39
4,14.185,122.56,91.517,126.09
5,14.262,63.268,61.985,63.189
6,14.132,86.63,14.522,204.7
7,13.91,98.889,62.518,57.521
8,13.934,65.455,18.948,192.5
9,13.74,134.3,187.38,131.15
10,13.937,99.324,7.8413,21.546
11,13.612,76.612,73.308,60.466
12,13.743,146.03,12.329,91.712
13,13.488,121.49,68.454,63.631
14,13.51,194.85,80.624,44.654
15,13.201,27.675,23.881,97.922
16,13.17,94.247,147.83,188.63
17,13.14,186.21,153.44,161.94
18,13.093,48.824,234.25,93.261
19,13.183,142.84,0.1465,93.757
20,12.882,102.48,29.662,121.17
21,12.882,101.82,160.61,220.13
22,12.761,108.94,161.01,178.62
23,12.642,108.31,0.1465,228.13
24,12.536,217.54,86.594,208.18
25,12.68,135.82,51.42,131.32
26,12.597,88.615,157.85,217.34
27,12.526,80.386,234.05,199.68
28,12.509,24.577,138.47,92.989
29,12.452,108.59,131.2,188.28
30,12.432,81.063,58.183,172.8
31,12.318,156.28,131.7,168.35
32,12.499,151.99,44.851,135.76
33,12.474,200.1,164.53,142.95
34,12.32,148.67,113.15,100.9
35,12.232,153.43,71.282,72.564
36,12.193,206.96,166.32,21.572
37,12.28,67.751,68.122,100.77
38,12.101,111.16,116.78,145.73
39,12.204,137.62,120.56,147.44
40,12.15,128.23,217.55,154.78
41,12.146,211.91,185.02,201.12
42,12.281,151.47,83.449,85.088
43,12.117,192.07,140.73,160.36
44,12.221,129.65,46.234,158.18
45,12.975,210.74,195.61,169.11
46,12.1,97.677,112.02,202.85
47,12.031,163.92,133.46,179.21
48,12.188,182.24,131.41,159.57
49,12.111,88.575,115.79,170.68
50,12.109,107.66,169.3,195.81
51,12.106,32.953,234.25,89.972
52,11.931,68.44,83.627,82.505
53,12.019,31.425,215.41,45.583
54,11.972,29.238,19.445,133.47
55,11.926,12.73,73.111,137.63
56,11.843,114.41,145.16,192.91
57,11.855,98.025,124.07,188.87
58,11.896,85.082,160.67,72.558
59,12.103,99.286,140.05,198.8
60,12.039,49.148,119.83,14.455
61,12.029,176.53,81.757,5.5106
62,11.896,34.482,187.98,19.282
63,11.774,183.61,89.287,23.584
64,11.829,141.42,113.61,126.37
65,11.728,56.646,8.0837,147.23
66,11.854,66.755,6.0374,187.29
67,11.815,163.15,102.44,39.376
68,11.841,176.06,97.97,90.711
69,11.833,93.032,218.02,30.554
70,11.776,90.338,87.364,187.98
71,11.648,200.81,211.41,208.45
72,11.738,229,174.09,66.062
73,11.687,85.772,215.15,223.76
74,11.614,158.92,9.4996,70.105
75,11.624,120.61,165.06,44.168
76,11.694,13.171,141.4,48.224
77,11.502,114.42,160.7,204.33
78,11.767,214.19,72.502,227.62
79,11.626,217.74,0.1465,130.23
80,11.623,188.6,102.47,12.681
81,11.674,190.92,117.21,191.84
82,11.689,33.42,7.5655,197.58
83,11.443,40.912,234.25,100.65
84,11.571,5.5313,181.8,30.283
85,11.842,28.131,163.2,63.877
86,11.511,37.677,151.13,92.721
87,11.472,88.063,177.32,214.63
88,11.394,148.65,40.849,160.71
89,11.555,171.85,33.715,190.68
90,11.601,203.23,154.74,31.348
91,11.416,200.8,3.9135,144.65
92,11.321,101.22,146.61,210.48
93,11.566,204.8,86.18,109.19
94,11.387,111.45,51.176,166.5
95,11.489,180.61,108.11,175.35
96,11.3,18.861,0.1465,154.59
97,11.293,77.822,106.76,117.02
98,11.244,182.05,198.21,200.24
99,11.377,147.96,234.25,49.693
100,11.322,133.79,59.375,158.18
101,11.251,169.73,146.37,166.63
102,11.179,134.69,31.204,229.26
103,11.401,12.558,224.21,218.57
104,11.163,206.09,205.54,180.4
105,11.235,140.52,207.37,165.03
106,11.252,48.156,10.467,178.38
107,11.25,84.517,72.124,169.74
108,11.287,66.853,26.304,170.72
109,11.29,5.1914,53.286,150.69
110,11.194,72.512,191.42,7.5489
111,11.197,88.123,160.13,204.6
112,11.309,31.641,101.9,102.95
113,11.17,25.62,90.437,118.6
114,11.265,218.67,63.569,214.34
115,11.058,10.108,93.653,141.35
116,11.271,55.1,151.54,174.78
117,11.162,96.813,233.47,54.081
118,11.101,71.931,52.376,171.86
119,11.189,182.01,169.78,193.91
120,11.074,114.18,130.52,175.37
121,11.163,189.71,97.217,103.48
122,11.103,225.24,202.27,102.64
123,11.109,28.895,181.62,23.899
124,10.908,8.0566,171.54,24.76
125,11.022,115.22,212.85,134.08
126,11.133,12.243,66.128,177.31
127,11.084,38.883,120.78,217.79
128,11.003,141.31,205.21,99.167
129,11.146,182.72,185.76,119.64
130,10.925,14.246,190.03,19.481
131,11.056,63.727,17.637,142.02
132,10.941,124.4,32.705,225.78
133,11.01,54.286,75.752,144.82
134,10.879,116.77,21.512,115.02
135,10.995,135.22,110.7,93.925
136,10.968,215.28,12.22,82.17
137,10.827,165.4,135.48,195.88
138,10.985,159.94,8.0871,98.267
139,11.015,110.28,16.55,137.99
140,11.028,34.721,89.069,81.892
141,10.852,93.936,90.442,60.212
142,10.879,216.66,207.25,195.93
143,10.879,170.05,118.52,44.021
144,10.948,88.044,207.4,61.917
145,10.972,86.124,25.95,208.45
146,10.892,214.1,0.1465,116.82
147,10.903,69.606,174.67,132.88
148,10.903,55.17,83.107,152.14
149,10.864,27.705,57.035,78.606
150,10.986,64.524,220.6,28.575
151,11.07,186.93,106.3,90.594
152,10.963,224.42,118.27,10.326
153,10.852,173.84,43.495,103.07
154,10.802,112.03,76.377,122.07
155,10.759,116.51,65.213,137.28
156,10.772,135.81,63.728,98.829
157,10.677,142.56,95.366,90.396
158,10.803,190.94,57.605,100.7
159,10.764,154.22,215.17,47.591
160,11.005,184.54,200.48,50.1
161,10.719,136.1,30.626,149.03
162,10.709,108.82,127.93,209.32
163,10.675,64.563,234.25,219.87
164,10.754,8.1048,2.2826,142.55
165,10.679,43.816,185.07,123.17
166,10.658,39.38,25.381,146.95
167,10.73,75.167,149.77,156
168,10.749,82.382,19.419,51.105
169,10.807,15.426,120.7,79.196
170,10.638,28.813,78.339,187.65
171,10.713,73.435,68.784,79.313
172,10.719,31.827,48.497,88.241
173,10.657,111.24,145.42,48.489
174,10.593,145.47,82.198,52.557
175,11.105,129.83,222.4,105.62
176,10.816,40.406,234.25,138.33
177,10.783,102.55,151.92,107.12
178,10.788,42.375,108.41,187.4
179,10.636,115.01,149.93,172.75
180,10.639,86.364,183,131.4
181,10.703,69.091,8.0001,20.91
182,10.74,50.794,175.64,85.828
183,10.803,36.656,213.33,17.434
184,10.691,209.87,66.028,148.77
185,10.721,58.728,94.56,121.55
186,10.686,61.677,156.08,93.817
187,10.562,49.396,222.87,210.53
188,10.695,52.278,7.9597,162.99
189,10.593,229.01,135.76,81.858
190,10.591,23.546,172.44,55.477
191,10.645,120.01,202.03,177.62
192,10.639,124.6,117.63,142
193,10.517,210.55,203.5,220.19
194,10.64,183.27,216.68,218.33
195,10.702,119.43,51.153,193.11
196,10.712,220.19,213.28,223.52
197,10.738,47.958,17.564,123.89
198,10.46,79.83,136.42,229.55
199,10.716,177.8,185.49,191.25
200,10.559,194.77,117.12,25.377
201,10.583,4.8119,83.309,159.93
202,10.61,147.22,28.399,150.2
203,10.666,113.9,188.16,6.1222
204,10.592,6.8847,73.019,125.37
205,10.551,110.49,135.24,225.46
206,10.479,87.801,52.63,120.04
207,10.447,117.58,156.02,39.377
208,10.53,89.843,127.11,136.71
209,10.571,43.119,99.497,192.74
210,10.472,57.377,34.706,4.8682
211,10.569,61.991,180.43,77.913
212,10.726,122.93,93.821,145.33
213,10.485,76.875,168.72,136.09
214,10.551,70.74,65.552,132.75
215,10.505,74.087,159.48,117.93
216,10.593,110.49,63.13,164.36
217,10.502,175.91,34.162,107.51
218,10.469,83.708,85.894,69.306
219,10.469,134.87,87.176,64.795
220,10.423,186.83,19.238,108.33
221,10.568,96.461,37.98,200.7
222,10.53,61.977,106.06,222.79
223,10.587,42.266,85.266,125.04
224,10.422,106.31,234.25,211.08
225,10.444,51.93,80.477,16.035
226,10.425,82.754,95.155,111.42
227,10.309,166.83,19.47,102.13
228,10.378,107.61,217,54.95
229,10.409,184.96,124.32,177.1
230,10.526,202.59,201.57,190.99
231,10.27,112.92,137.27,211.1
232,10.322,214.32,184.72,11.039
233,10.497,103.33,123.94,100.1
234,10.422,131.23,50.559,173.34
235,10.523,222.52,217.36,190.44
236,10.293,87.73,159.25,62.023
237,10.429,23.299,73.453,67.126
238,10.321,215.54,187.13,170.42
239,10.413,56.117,62.521,36.036
240,10.371,91.527,59.342,127.77
241,10.156,219.03,29.453,225.16
242,10.313,147.82,123.7,91.233
243,10.281,164.23,15.641,58.364
244,10.416,147.75,191.62,94.27
245,10.248,98.037,165.94,73.037
246,10.2,27.997,45.018,23.544
247,10.375,10.319,130.61,54.161
248,10.189,33.22,226.62,34.469
249,10.26,104.12,155.44,152.88
250,10.355,40.267,82.831,140.93
251,10.209,169.43,117.91,152.25
252,10.304,180.78,3.3307,79.845
253,10.245,170.9,9.4915,73.201
254,10.301,57.308,22.065,174.91
255,10.157,13.404,107.99,97.972
256,10.191,37.342,216.01,62.611
257,10.221,109.19,23.673,103.22
258,10.104,144.57,49.637,175.7
259,10.105,85.94,34.712,216.38
260,10.332,89.87,234.1,191.85
261,10.111,115.92,72.475,228.95
262,10.229,8.1317,120.21,30.13
263,10.18,227.18,76.051,206.9
264,10.088,142.26,103.85,145.41
265,10.238,208.46,56.649,151.48
266,10.177,225.05,132.58,216.35
267,10.219,178.87,108.13,37.322
268,10.001,8.9216,8.6445,229.84
269,10.099,196.19,85.942,134.58
270,10.21,39.944,222.05,161.38
271,10.14,186.72,208.49,210.89
272,10.135,49.324,27.45,157.85
273,10.249,51.049,159.09,103.55
274,10.297,164.64,59.674,221.22
275,10.092,44.627,223.73,36.128
276,10.073,144.35,184.18,116.71
277,9.9952,51.137,211.68,91.885
278,10.243,65.049,229.94,209.07
279,10.16,41.448,166.93,60.7
280,10.073,57.819,109.68,103.9
281,10.058,226.35,71.62,53.41
282,10.157,86.962,128.19,146.86
283,10.333,47.945,1.1749,103.43
284,9.9934,150.76,42.886,146.35
285,10.018,196.82,166.27,184.71
286,10.034,7.104,30.019,115.32
287,10.088,83.043,83.593,111.39
288,9.9531,108.8,234.25,110.9
289,9.9497,78.068,86.908,171.81
290,10.074,205.67,35.591,220.5
291,10.21,4.5246,113.99,91.706
292,9.9908,4.6129,147.48,188.54
293,9.9841,214.64,25.862,62.517
294,10.041,192.41,84.567,18.402
295,10.079,104.35,115.51,156.85
296,9.9762,46.732,198.42,216.97
297,10.118,124.01,182.15,7.0138
298,9.9117,59.882,17.715,106.18
299,10.09,194.81,89.594,8.2982
300,9.8976,13.916,121.72,91.603
301,9.8957,108.85,197.09,139.93
302,10.059,214.25,200.45,97.39
303,9.8769,95.078,179.42,76.354
304,9.9729,210.16,96.245,52.517
305,9.9914,118.28,145.84,212.34
306,10.055,188.14,144.84,211.92
307,10.006,207.78,7.4228,204.32
308,9.9218,122.37,221.35,121.51
309,10.473,17.577,226.43,33.564
310,10.038,75.085,103.68,100.15
311,9.8603,134.28,194.13,163.07
312,9.9557,45.287,220.19,25.822
313,9.8585,199.05,190.58,199.64
314,10.016,228.43,179.04,5.3784
315,9.8175,43.803,164.52,99.436
316,10.134,140.05,77.658,65.398
317,9.9389,208.97,17.077,50.227
318,9.9471,156.14,88.926,46.727
319,9.8209,17.127,71.39,85.129
320,9.9511,47.333,216.75,83.861
321,9.95,188.53,176.06,145.16
322,9.9657,207.83,14.726,215.3
323,9.8947,40.613,18.234,199.07
324,9.9817,208.73,198.05,25.895
325,10.025,17.514,158.22,17.141
326,9.9471,210.03,168.11,73.976
327,9.8604,229.82,80.964,51.759
328,9.9162,98.387,230.18,215.27
329,10.004,106.82,150.93,184.56
330,9.8041,22.664,195.61,49.967
331,9.8621,63.083,29.1,112.4
332,9.8959,219.97,0.43284,46.062
333,9.9524,75.876,8.6803,141.93
334,9.8622,175.99,177.79,7.7737
335,9.8431,175.86,158.93,45.851
336,10.016,219.11,8.7929,124.34
337,9.912,143.63,133.46,167.36
338,9.9537,184.31,92.79,48.475
339,9.7693,56.152,111.8,173.01
340,9.9758,215.21,137.04,19.335
341,9.9182,45.679,45.552,83.405
342,9.9468,122.49,140.74,207.32
343,10.114,226.52,122.85,119.91
344,9.7797,14.841,86.244,117.34
345,9.791,218.72,46.162,144.96
346,9.9963,77.941,216.9,212.94
347,9.9857,176.16,152.34,197.55
348,10.023,206.55,10.383,183.11
349,10.067,145.41,21.093,134.19
350,9.8591,188.79,6.5017,197.07
351,9.8324,174.98,73.36,155.74
352,9.6752,105.02,137.86,175.66
353,9.9096,89.096,3.1318,220.44
354,9.7742,171.32,86.833,52.848
355,9.8394,223.22,130.83,33.329
356,9.8497,131.53,210.8,85.931
357,9.7425,200.83,192.58,149.03
358,9.7785,216.31,105.33,32.016
359,9.7725,151.55,111.74,33.879
360,9.6921,131.98,200.51,46.415
361,9.6081,228.12,126.7,22.414
362,9.7959,35.926,186.77,214.5
363,9.6066,112.09,72.55,158.36
364,9.7949,52.862,157.67,213.24
365,9.9531,217.7,209.49,182.58
366,9.7777,171.73,35.005,222.89
367,9.7287,100.14,123.79,172.8
368,9.83,137.64,190.29,51.272
369,9.7247,216.92,160.47,149.95
370,9.6217,25.333,151.08,176.86
371,9.7272,205.76,15.735,131.76
372,9.7134,124.3,3.9781,101.58
373,9.6711,136.7,51.087,207.22
374,9.5833,196.42,9.2409,125.86
375,9.6567,200.22,73.992,180.7
376,9.534,5.7135,234.25,71.617
377,9.7591,33.778,1.1642,107.38
378,9.6307,205.19,83.331,123.74
379,9.577,124.38,103.81,143.71
380,9.5621,60.749,169.21,69.005
381,9.6094,201.79,133.16,191.52
382,9.7011,140.56,64.893,76.133
383,9.7726,128.76,156.22,109.31
384,9.7369,166.71,126.1,93.005
385,9.6034,33.181,33.571,217.86
386,9.7233,134.97,2.0638,21.784
387,9.7671,40.42,230.53,79.472
388,9.6312,192.1,49.924,4.449
389,9.7377,76.438,219.49,31.493
390,9.8004,79.826,23.452,63.164
391,9.5096,114.13,13.641,96.578
392,9.8069,77.349,219.46,46.177
393,9.7665,200.53,177.57,17.559
394,9.5974,124.74,15.905,15.668
395,10.187,75.55,19.693,18.33
396,9.597,228.04,61.946,168.26
397,9.6054,23.364,154.05,63.991
398,9.6083,200.06,163.87,71.343
399,9.4916,134.68,228.11,225.77
400,9.5652,109.49,205.76,147.23
401,9.4964,76.964,0.1465,72.517
402,9.6048,100.58,68.129,195.38
403,9.4978,21.596,24.759,13.049
404,9.7304,75.62,138.01,100.09
405,9.5439,119.19,17.76,230.12
406,9.4845,211.09,61.037,53.441
407,9.5702,173.13,19.433,207.55
408,9.4081,211.08,29.121,128.18
409,9.5949,76.957,106.64,166.26
410,9.4755,217.02,129.01,123.81
411,9.5157,44.586,31.545,151.64
412,9.5484,15.331,67.469,111.69
413,9.5772,75.574,21.58,4.2923
414,9.4991,227.21,157.12,144.96
415,9.5358,193.15,171.34,16.523
416,9.5531,40.288,58.783,173.77
417,9.4736,8.3268,78.139,88.696
418,9.5894,126.61,185,163.44
419,9.5902,45.907,5.9418,96.958
420,9.537,108.81,82.477,228.27
421,9.3809,36.203,3.4189,97.441
422,9.4239,86.563,41.703,190.83
423,9.5401,24.549,12.227,125.35
424,9.4288,132.62,15.602,125.83
425,9.5788,198.96,2.9945,82.824
426,9.4992,125.18,144.38,118.16
427,9.544,33.867,218.28,121.78
428,9.6269,213.46,152.05,45.711
429,9.621,121.13,64.775,152.36
430,9.4646,177.44,44.025,117.72
431,9.3811,49.431,74.852,5.396
432,9.5433,68.641,70.18,124.54
433,9.3471,182.97,160.08,28.864
434,9.5048,7.9273,177.11,184.72
435,9.4509,57.848,183.9,133.36
436,9.4422,163.03,39.041,229.93
437,9.5462,170.02,86.152,86.813
438,9.4811,227.13,148.94,105.4
439,9.599,201.3,189.24,19.123
440,9.4823,5.6543,147.58,210.71
441,9.4095,179.55,33.256,207
442,9.3017,18.86,56.709,42.645
443,9.4938,81.383,130.18,128.3
444,9.4146,85.147,186.88,28.005
445,9.4807,152.01,89.245,31.595
446,9.4566,205.47,181.32,190.28
447,9.3204,153.4,234.25,91.045
448,9.5215,90.018,222.52,96.722
449,9.3551,148.42,200.06,187.33
450,9.4547,95.262,222.3,120.95
451,9.3542,15.65,71.677,44.008
452,9.3049,202.67,22.383,213.48
453,9.2934,49.349,222.59,56.137
454,9.3597,205.34,137.28,131.68
455,9.4798,7.85,49.221,123.26
456,9.2931,133.73,154.85,150.83
457,9.2657,102.74,211.16,141.65
458,9.3061,161.58,165.49,25.92
459,9.3978,156,120.19,157.32
460,9.3959,200.65,158.03,154.44
461,9.371,8.6282,148.54,25.036
462,9.3938,39.386,41.915,6.5241
463,9.242,170.35,132.93,212.61
464,9.3049,215.98,14.516,211.97
465,9.3727,227.9,222.92,20.434
466,9.2823,176.82,71.847,204.71
467,9.1764,134.02,5.1045,9.8369
468,9.4257,217.11,162.24,93.24
469,9.2691,132.65,44.964,214.98
470,9.3169,209.76,192.94,143.12
471,9.3803,57.567,166.82,91.12
472,9.3653,70.466,148.69,171.99
473,9.381,225.21,205.4,41.778
474,9.1735,95.366,215.48,207.85
475,9.3576,168.89,160.68,28.717
476,9.2555,59.661,67.741,50.254
477,9.2303,212.84,20.146,91.247
478,9.1481,88.935,230.69,119.96
479,9.1331,218.4,81.923,125.87
480,9.1768,42.667,146.29,179.46
481,9.3361,216.18,158.16,6.9733
482,9.1924,41.768,132.35,20.015
483,9.1158,121.74,195,141.12
484,9.2429,70.984,115.52,103.04
485,9.1556,217.01,61.046,229.84
486,9.1756,165.08,107.32,150.48
487,9.331,201.49,1.1749,189.78
488,9.2174,205.83,9.043,153.16
489,9.0608,18.036,73.08,117.02
490,9.025,167.73,107.37,97.716
491,9.1932,79.869,162.79,51.524
492,9.2564,13.044,93.171,88.688
493,9.205,65.406,166.96,79.241
494,9.0771,73.118,182.35,18.061
495,9.1867,87.638,170.38,59.314
496,9.136,43.134,47.354,93.039
497,9.2235,179.13,190.24,46.556
498,9.2433,185.75,27.04,173.31
499,9.0085,174.5,60.509,192.93
500,9.1642,147.5,114.34,113.6
501,9.0393,191.48,30.058,110.58
502,9.1774,166.48,143.36,57.584
503,9.1575,5.9792,152.41,163.91
504,9.158,4.1934,42.557,61.906
505,9.2788,10.611,122.25,64.45
506,9.1771,216.17,172.17,210.74
507,9.1918,102.06,198.59,18.809
508,9.138,192.36,166.75,27.087
509,9.0745,202.11,0.1465,206.17
510,9.0374,154.28,0.1465,38.599
511,9.1424,78.26,14.755,34.966
512,8.9704,207.86,218.17,119.13
513,9.1124,50.576,93.342,166.97
514,8.9991,93.339,75.979,22.407
515,9.5317,11.949,19.438,206.78
516,9.0349,140.79,51.64,66.345
517,9.0195,135.2,61.644,58.983
518,9.1913,31.671,138.32,16.277
519,8.9877,81.266,147.78,30.642
520,9.0775,104.07,214.36,44.724
521,9.0325,141.08,206.34,55.847
522,9.1133,186.83,186.39,68.361
523,9.1302,174.75,132.11,30.252
524,9.1105,195.74,156.03,68.415
525,8.954,97.102,192.04,10.431
526,9.2235,229.16,123.8,203.93
527,9.1365,148.08,15.861,22.791
528,9.1667,218.06,104.43,115.73
529,8.9984,18.932,176.79,133.4
530,9.2235,207.74,17.284,163.61
531,8.9647,159.6,126.73,14.759
532,8.9697,105.28,4.869,146.1
533,9.0823,25.051,24.158,213.91
534,9.123,182.75,77.013,213.56
535,9.0303,204.56,1.3064,24.814
536,8.8686,207.9,174.49,93.047
537,8.9896,167.72,114.71,104.54
538,8.9284,161.63,47.873,159.27
539,8.9202,11.841,68.704,77.449
540,9.1258,43.636,176.05,70.137
541,8.9946,191.41,77.495,157.13
542,9.4875,43.367,13.939,9.0708
543,8.9981,35.052,7.1305,145.39
544,9.0816,221.51,66.913,142.57
545,8.9088,48.533,83.369,28.023
546,8.9074,66.327,18.045,20.109
547,8.9582,124.41,207.37,78.34
548,8.8858,70.466,138.46,166.82
549,8.8784,184.7,96.227,145.48
550,9.0945,182.08,184.92,132.47
551,8.9737,76.584,131.39,12.37
552,9.0716,163.89,91.569,230.29
553,8.8999,100.04,87.137,215.83
554,9.0028,117.03,134.96,29.84
555,9.0779,3.9903,148.65,89.956
556,8.9519,151.03,28.262,230.36
557,8.9006,230.42,89.468,78.045
558,9.1013,190.54,0.89961,132.47
559,8.8666,100.38,234.25,39.951
560,8.8739,62.331,46.739,163.33
561,8.9153,40.061,55.768,163.39
562,8.8555,69.551,27.062,19.457
563,9.0404,156.69,142.69,77.181
564,8.8476,32.05,170.91,228.08
565,8.9293,215.82,7.3644,95.957
566,8.9569,186.28,55.311,132.82
567,8.9109,74.762,58.174,127.02
568,8.8152,226.06,0.1465,166.92
569,8.9621,190.17,0.1465,153.37
570,8.9873,15.929,210.08,52.033
571,8.884,102.37,134.55,107.95
572,9.0534,13.742,20.214,142.83
573,9.2404,92.292,73.839,115.27
574,9.0146,16.092,209.01,227.94
575,8.9768,3.9572,74.065,113.97
576,8.8543,88.959,21.463,41.228
577,8.8857,159.17,179.83,150.8
578,8.807,187.45,151.64,201.45
579,8.6935,67.836,71.34,15.983
580,9.058,92.585,63.774,46.877
581,8.955,210.44,133.12,72.685
582,9.0016,165.84,64.713,167.15
583,8.9683,165.05,132.97,56.875
584,9.0216,144.31,55.953,214.19
585,8.7282,56.113,234.25,17.478
586,8.9657,184.59,22.137,190.8
587,8.862,158.71,58.261,164.25
588,8.781,151.99,25.346,62.286
589,8.8158,187.11,15.096,12.073
590,8.7952,136.61,211.08,78.091
591,8.8403,16.482,168.67,14.155
592,8.9561,179.14,67.712,176.13
593,9.0302,216.82,176.55,193.38
594,8.8256,140.41,33.808,71.363
595,9.2647,4.6851,232.34,44.942
596,8.6804,209.92,48.465,76.62
597,8.8255,138.08,107.32,4.5914
598,8.8683,223.95,233.2,57.824
599,8.8576,51.474,159.25,191.9
600,8.7758,145.56,85.066,13.304
601,8.7854,227.76,154.86,155.82
602,8.8396,191.42,193.45,113.92
603,8.7719,43.757,56.17,33.61
604,8.7137,67.575,93.373,29.465
605,8.8222,210.9,76.88,47.232
606,8.6046,44.376,101.81,220.76
607,8.7875,28.247,90.045,67.344
608,8.7251,107.73,218.66,205.55
609,8.8035,189.65,24.821,55.026
610,8.8775,106.94,209.34,74.061
611,8.7106,98.961,170.69,144.3
612,8.843,39.867,175.41,150.7
613,8.6425,183.27,95.044,181.24
614,8.6318,100.37,117.94,78.126
615,8.831,147.11,42.543,215.81
616,8.8134,85.391,234.25,23.443
617,8.7105,47.901,20.387,149.96
618,8.6236,3.9981,149.26,100.34
619,8.6844,203.44,109.79,120.26
620,8.7801,110.43,35.934,78.032
621,8.8202,52.356,200.97,135.14
622,8.8154,67.393,83.344,165.35
623,8.7657,169.1,200.35,46.765
624,8.6485,135.81,11.874,22.634
625,8.7223,87.476,136.35,96.355
626,8.7754,151.87,67.407,155.15
627,8.6758,12.758,180.06,222.91
628,8.7687,178.57,143.42,209.21
629,8.7084,122.4,22.943,98.842
630,8.7775,165.78,97.613,153.93
631,8.7647,174.91,234.25,212.31
632,9.564,121.61,31.945,108.41
633,8.6901,65.415,43.725,39.981
634,8.69,117.68,184.95,184.21
635,8.7934,121.3,32.38,98.816
636,8.6886,164.42,6.0264,108.6
637,8.5699,38.527,15.387,151.67
638,8.7688,7.067,158.86,64.354
639,8.6249,42.912,217.03,8.6243
640,9.495,29.065,196.29,167.6
641,8.7645,119.42,192.21,178.28
642,8.6708,59.305,229.19,143.77
643,8.8436,29.034,44.686,12.309
644,8.6901,45.167,156.04,32.054
645,8.8188,22.415,63.043,101.38
646,8.7671,226.36,205.4,181.83
647,8.6777,49.392,90.663,89.9
648,8.8917,28.044,87.317,140.64
649,8.758,52.886,234.25,174.33
650,8.6765,34.656,107.13,175.73
651,8.5806,230.4,134.63,3.9168
652,8.7566,171.54,73.017,221.19
653,8.7606,112.13,57.718,198.82
654,8.6147,27.367,191.11,210.53
655,8.635,145.8,21.526,11.069
656,8.7004,123.98,142.77,133.74
657,8.5884,229.86,234.25,47.256
658,8.8012,50.606,231.19,198.32
659,8.5134,164.25,0.1465,148.44
660,8.5834,94.731,122.88,34.773
661,8.7888,201.32,204.89,169.66
662,8.7524,218.28,165.78,217.83
663,8.5656,180.06,197.01,28.041
664,8.7896,76.769,205,217.08
665,8.7612,10.597,174.8,52.737
666,8.6772,186.62,99.438,198.51
667,8.6679,21.027,75.071,35.652
668,8.7646,182.47,109.67,53.329
669,8.5475,117.97,155.75,131.95
670,8.615,217.05,23.927,100.66
671,8.7295,6.7635,190.12,48.753
672,8.5725,206.21,83.078,212
673,8.7047,96.822,79.06,179
674,8.6182,93.082,94.837,211.61
675,8.9191,163.94,36.915,96.351
676,8.6977,159.68,51.689,145.22
677,8.6561,104.52,169.9,12.123
678,8.6934,230.3,31.457,27.097
679,8.6659,133.53,82.142,146.54
680,8.8207,97.204,85.846,172.57
681,8.5558,70.415,123.54,229.9
682,8.4937,209.07,41.124,97.13
683,8.6368,150.1,190.69,206.74
684,8.6611,192.42,177.47,109.34
685,8.6504,90.985,198.92,35.33
686,8.5626,187.98,46.69,165.17
687,8.5495,188.29,197.01,18.369
688,8.5419,153.13,136.71,72.758
689,8.5883,3.9286,112.43,161.53
690,8.7217,41.277,163.36,46.269
691,8.6523,192.35,76.47,3.9933
692,8.6002,99.217,111.6,120.28
693,8.5008,163.93,42.943,121.68
694,8.635,208.81,186.7,77.007
695,8.4895,44.149,45.257,156.64
696,8.5531,180.26,187.41,38.558
697,8.7253,20.8,170.68,154.73
698,8.7062,30.735,127.61,11.147
699,8.437,230.48,53.167,49.667
700,8.4586,67.536,153.15,107.38
701,8.6477,191.52,179.61,72.272
702,8.5026,108.23,57.034,82.713
703,8.4971,76.402,10.093,74.28
704,8.5194,156.6,203.15,5.6354
705,8.6032,101.07,118.84,134.04
706,8.6517,108.42,43.761,199.48
707,8.5957,47.371,229.58,165.86
708,8.4552,101.22,72.564,206.67
709,8.5421,230.53,179.68,34.157
710,8.4164,143.76,143.4,8.3375
711,8.3778,44.986,209.9,225.45
712,8.3912,146.92,47.94,95.362
713,8.6298,187.16,210.63,98.793
714,8.4702,4.0336,141.36,178.32
715,8.5223,227.42,71.087,188.89
716,8.421,88.614,224.34,19.165
717,8.4166,99.443,68.37,174.18
718,8.5189,11.802,164.87,58.649
719,8.3955,14.553,212.53,16.835
720,8.5961,56.958,210.43,74.425
721,8.4044,101.89,81.322,60.801
722,8.5021,42.511,44.116,14.204
723,8.4465,155.8,37.599,90.936
724,8.4695,75.346,234.25,96.197
725,8.4845,73.095,170.75,26.026
726,8.3245,68.118,122.33,167.7
727,8.2625,204.07,30.039,159.83
728,8.3801,112.12,161.01,54.308
729,8.3088,127.64,38.805,45.271
730,8.4311,221.57,9.8772,17.739
731,8.7964,226.78,114.86,27.395
732,8.4297,79.738,72.225,13.044
733,8.4244,187.44,170.31,100.03
734,8.3186,228.38,9.5339,25.29
735,8.479,161.94,228.81,171.22
736,8.4528,23.866,197.1,155.32
737,8.3976,160.33,132.03,88.3
738,8.6022,94.349,43.631,230.64
739,8.3619,3.6997,156.33,118.15
740,8.5904,105.48,98.738,3.7016
741,8.2903,230.7,25.071,206.39
742,8.5363,190.56,208.34,79.143
743,8.261,35.856,226.05,108.86
744,8.7033,103.28,185.76,25.874
745,8.3194,191.18,114.44,115.52
746,8.2607,143.44,222.27,58.713
747,8.3032,206.75,71.388,204.4
748,8.455,213.01,9.2717,165.41
749,8.4462,8.1143,171.46,3.7634
750,8.2548,213.15,204.91,123.79
751,8.4023,73.316,27.304,31.79
752,8.3619,228.63,191.51,164.15
753,8.3181,180.66,98.369,161.27
754,8.3378,9.2579,55.306,50.578
755,8.2583,109.48,102.7,120.84
756,8.3802,114.14,214,165
757,8.3539,207.22,170.62,3.6731
758,8.4332,178.97,170.57,184.17
759,8.3764,176.53,114.67,107.86
760,8.3001,230.74,73.768,84.543
761,8.1835,225.76,50.263,230.73
762,8.4068,114.51,113.87,67.623
763,8.353,80.429,0.93579,47.977
764,8.4183,168.18,143.19,87.209
765,8.453,212.99,150.51,155.55
766,8.3392,24.469,17.806,112.86
767,8.4067,25.871,226.91,4.3921
768,8.3422,101.76,128.59,134.04
769,8.321,51.475,97.778,22.339
770,8.2433,131.76,121.18,15.36
771,8.478,219.73,184.89,89.816
772,8.1537,206.11,116.19,64.309
773,8.359,10.947,79.968,35.015
774,8.215,230.73,212.84,212.81
775,8.3577,196.63,207.26,104.75
776,8.4969,10.861,216.58,156.46
777,8.3747,198.71,198.44,68.222
778,8.1984,202.66,123.53,72.506
779,8.1468,42.326,170.64,111.77
780,8.2263,134.09,184.39,85.382
781,8.3808,120.13,164.76,56.126
782,8.4494,74.712,188.24,72.348
783,8.3138,151.88,203.6,52.027
784,8.248,47.1,89.233,34.759
785,8.279,168.59,209.84,6.6058
786,8.4026,49.807,175.13,141.72
787,8.8884,191.88,159.94,197.7
788,8.2582,39.659,165.61,179.45
789,8.377,59.476,100.99,230.74
790,8.3168,191.1,179.46,126.05
791,8.2287,83.412,25.61,34.178
792,8.3595,199.24,204.61,144.61
793,8.1976,71.051,141.08,229.79
794,8.4786,142.22,176.1,150.31
795,8.2229,199.36,61.896,51.444
796,8.2746,227.88,49.28,214.94
797,8.3238,113.52,34.487,36.347
798,8.54,131.85,25.201,92.18
799,8.2812,53.65,32.972,101.57
800,8.1754,192.72,141.64,82.801
801,8.2075,157.1,147.21,213.45
802,8.251,186.51,97.983,191
803,8.3171,219.94,30.592,121.01
804,8.2345,145.69,118.48,9.0023
805,8.3,91.269,116.31,89.857
806,8.2332,86.637,177.5,41.775
807,8.1637,165.91,191.75,57.573
808,8.4023,170.52,111.27,139.74
809,8.2402,28.461,6.545,152.76
810,8.1783,175.32,181,146.91
811,8.1268,81.561,133.8,3.6502
812,8.2192,190.67,102.19,124.35
813,8.0825,109.72,63.18,33.846
814,8.2646,64.18,101.53,156.04
815,8.2164,58.708,148.5,230.7
816,8.2871,207.33,34.571,150.75
817,8.1264,83.412,113.8,25.934
818,8.0397,18.011,0.1465,190.28
819,8.2878,184.65,60.994,198.41
820,8.115,3.9631,129.88,167.74
821,8.107,156.34,122.58,218.77
822,8.1541,123.27,188.23,16.031
823,8.1905,69.977,34.161,230.7
824,8.0928,161,0.1465,32.606
825,7.9871,101.23,234.25,168.31
826,8.1574,121.05,117.96,100.05
827,8.1393,169.79,20.603,115.5
828,8.1564,14.816,12.8,133.85
829,8.1584,22.03,211.06,212.92
830,8.0555,168.57,82.497,157.78
831,8.2724,84.542,8.4999,7.6502
832,7.9978,89.486,148.11,81.923
833,7.9894,88.03,135.19,30.018
834,8.2176,131.73,73.216,73.792
835,8.0495,151.35,180.57,105.91
836,8.1206,14.52,217.49,230.65
837,8.2281,62.232,140.08,102.01
838,8.2335,85.013,145.6,230.74
839,8.9464,49.807,27.545,10.838
840,8.3567,132.43,48.325,57.425
841,8.0329,100.12,65.179,111.22
842,8.1327,73.616,207.21,68.752
843,8.1741,137.98,11.254,145.11
844,8.1117,136.58,94.478,145.44
845,8.2339,44.559,176.28,131.82
846,8.2404,226.72,189.36,147.09
847,8.1556,210.94,150.48,100.35
848,8.0141,118.18,175.39,78.391
849,7.9441,230.76,199.97,187.37
850,8.147,29.628,131.03,180.93
851,8.1929,189.55,115.89,136.79
852,8.6176,52.157,35.743,184.73
853,8.1115,68.647,4.4794,131.2
854,8.0038,197.89,59.879,164.19
855,8.234,224.8,99.934,213.91
856,8.1513,201.59,216.43,61.97
857,8.1138,193.52,195.28,134.5
858,8.1325,109.13,165.52,40.661
859,8.0007,193.3,69.587,166.83
860,8.1611,61.154,82.5,170.82
861,7.9459,58.162,6.2545,14.799
862,8.087,184.12,51.934,117.73
863,8.0918,126.24,135.53,199.33
864,7.9891,47.013,226.68,68.07
865,8.1632,79.88,119.46,137.41
866,8.0095,3.6801,105.95,32.598
867,8.0663,41.85,89.812,104.7
868,8.0393,49.898,203.27,13.331
869,8.0569,179.83,112.3,133.73
870,8.0203,195.59,168.37,105.55
871,7.9027,3.6414,216.08,170.96
872,8.1636,74.638,127.31,160.85
873,7.9895,34.428,91.871,40.221
874,8.1926,38.966,85.392,183.08
875,8.0528,68.321,161.88,39.372
876,7.9185,88.925,213.14,84.557
877,8.1466,158.8,217.27,169.84
878,8.0807,52.834,34.713,89.615
879,8.0836,139.12,196.82,177.41
880,7.9985,126.41,114.93,226.05
881,8.1506,225.15,3.2287,225.39
882,8.1516,160.27,212.5,194.08
883,8.0027,204.41,45.258,31.13
884,8.1337,3.6097,57.724,56.721
885,8.0497,140.24,15.572,11.57
886,8.0323,197.38,206.92,113.28
887,8.0098,159.24,195.37,213.78
888,8.4251,121.01,130.39,208.03
889,7.9393,67.572,178.25,90.67
890,8.0842,183.69,234.25,161.28
891,7.9883,44.066,157.7,222.22
892,7.8259,210.79,207.3,10.4
893,7.8804,141.4,184.2,158.62
894,8.3627,164.08,49.188,102.84
895,7.8318,177.12,145.73,31.789
896,7.7906,68.415,99.484,188.27
897,7.8223,191.17,220.5,64.929
898,7.7945,194.69,173.58,135.51
899,8.0269,189.05,207.97,157.4
900,7.9328,194.91,129.32,76.652
901,7.9064,205.88,44.334,67.806
902,7.8753,156.96,44.716,220.78
903,8.1416,8.1546,142.65,170.23
904,7.9142,24.979,210.48,220.76
905,7.9684,230.55,38.549,114.16
906,7.9454,126.96,126.22,53.166
907,7.8922,20.992,185.63,172.78
908,7.9215,9.5018,57.557,120.95
909,7.9228,71.55,160.12,210.24
910,7.8327,221.06,24.18,48.452
911,7.9108,204.62,55.137,39.685
912,7.9239,76.142,212.85,93.962
913,7.8071,60.16,93.883,133.14
914,7.9317,39.196,188.32,203.26
915,7.8985,124.63,115.63,62.646
916,7.7873,39.646,204.63,122.9
917,7.6987,153.67,183.29,213.74
918,7.9428,28.553,217.41,210.81
919,7.8886,176.54,123.31,202.26
920,7.9444,80.3,61.64,133.52
921,7.8237,224.58,105.42,85.406
922,7.9784,102.55,47.083,61.729
923,7.9688,126.46,7.3221,18.547
924,7.7986,186.75,18.585,25.289
925,7.8696,225.46,217.82,47.802
926,7.949,160.85,165.38,44.42
927,7.9652,64.333,131.26,230.5
928,7.781,90.332,12.445,83.943
929,7.8791,117.56,89.825,228.19
930,7.9548,169.17,133.57,65.01
931,7.943,200.21,227.95,210.24
932,7.8714,50.024,175.85,209.03
933,7.7819,127.64,70.196,225.52
934,7.856,204.85,136.13,27.959
935,7.8672,193.28,71.316,106.99
936,7.8299,109.19,165.18,19.511
937,7.7493,231,163.7,209.33
938,7.9071,16.411,129.65,230.97
939,7.7905,29.759,74.835,3.4584
940,7.7689,14.76,188.57,230.96
941,7.9571,231,204.18,119.25
942,7.9008,158.65,201.28,96.327
943,7.7805,190.52,80.178,170.64
944,7.7902,90.357,28.361,65.225
945,7.8319,58.542,96.169,153.09
946,7.7341,215.46,138.39,119.41
947,7.7921,87.747,199.31,78.905
948,7.7454,207.31,143.47,183.04
949,7.9408,168.2,201.61,96.844
950,7.8163,216.12,44.2,157.52
951,7.8691,77.214,69.048,4.6909
952,7.8452,80.852,175.96,13.287
953,7.7505,3.3965,86.497,27.683
954,7.7695,79.834,49.642,28.37
955,7.9416,79.38,230.3,44.091
956,7.8885,83.764,143.03,111.13
957,7.8193,114.11,149.88,110.15
958,7.7438,192.02,101.01,54.902
959,7.6687,129.65,155.41,51.455
960,7.8228,143.01,110.63,229.59
961,7.8595,19.46,14.061,12.735
962,7.6907,3.6228,234.25,112.02
963,7.7962,65.896,0.1465,85.086
964,7.8756,91.126,215.82,76.834
965,7.8307,144.26,191.44,17.566
966,7.7382,3.4014,198.25,23.508
967,7.5931,210.24,147.23,115.02
968,7.8387,190.96,188.42,26.529
969,7.8209,173,63.466,73.529
970,7.6338,96.531,215.23,3.3953
971,8.1183,77.761,178.14,95.962
972,7.6871,87.173,145.11,18.57
973,7.6878,135.51,50.264,103.95
974,7.7416,222.16,30.317,14.576
975,7.7055,37.381,122.39,22.06
976,7.8139,208.5,117.81,4.6148
977,7.7082,170.93,25.306,172.5
978,7.7089,44.142,60.708,155.44
979,7.6369,153.1,134.34,200.33
980,7.5716,4.5698,25.931,3.3632
981,7.7,121.54,157.22,161.02
982,7.6252,85.089,153.67,17.483
983,7.6693,106.22,58.084,100.33
984,7.8413,161.34,34.571,167.24
985,7.6302,21.588,100.35,164.78
986,7.6668,134.63,164.89,217.29
987,8.0558,185.18,117.2,69.601
988,7.6895,107.76,195.29,24.721
989,7.7869,157.65,6.0468,49.4
990,7.5499,133.45,209.35,60.208
991,7.8119,51.207,53.468,46.868
992,7.844,215.94,105.95,79.459
993,7.6967,178.52,207.23,7.7451
994,7.6218,231,173.31,159.88
995,7.617,139.66,168.93,69.252
996,7.6921,55.917,79.863,122.93
997,7.5457,92.154,106.23,112.1
998,7.5315,20.974,111.19,39.097
999,7.6374,78.632,199.33,68.766
1000,7.7482,57.363,90.866,28.52
1001,7.6807,144.96,186.87,75.37
1002,7.5369,177.98,37.664,215.74
1003,7.5065,40.881,214.65,195.26
1004,7.786,97.023,50.915,201.86
1005,7.5457,161.26,13.9,122.87
1006,7.6906,138.26,135.87,203.42
1007,7.6219,57.916,76.84,51.662
1008,7.7051,89.525,163.49,3.3911
1009,7.6832,39.291,52.301,70.987
1010,7.6273,185.29,115.09,105.37
1011,7.5702,27.688,156.84,50.871
1012,7.5868,52.94,83.623,42.281
1013,7.5187,216.42,167.46,193.21
1014,7.8756,172.87,1.7609,168.16
1015,7.6012,33.002,207.97,185.07
1016,7.8136,129.88,182.54,40.431
1017,7.6674,92.12,12.518,168.5
1018,7.5377,163.37,228.46,51.716
1019,7.6913,231,65.519,98.738
1020,7.7638,96.247,200.73,74.712
1021,7.4714,3.3938,82.492,3.3906
1022,7.6272,125.44,216.65,52.866
1023,7.4456,15.382,169.78,179.74
1024,7.6807,12.219,125.55,18.474
1025,7.5635,81.26,11.564,65.846
1026,7.5883,166.23,122.85,212.04
1027,7.9962,154.56,167.01,18.855
1028,7.4926,72.765,60.212,11.866
1029,7.6931,9.0069,102.18,157.89
1030,7.7117,227.48,144.79,126.31
1031,7.5623,98.51,150.41,25.344
1032,7.5795,231.05,30.612,4.6423
1033,7.4986,192.65,47.335,102.92
1034,7.5186,223.13,87.672,47.035
1035,7.6252,125.57,136.07,184.87
1036,7.5361,74.643,114.99,153.33
1037,7.4804,202.94,27.637,18.614
1038,7.4792,28.859,174.48,149.22
1039,7.4776,138.74,59.97,5.3879
1040,7.6695,138.44,52.784,112.83
1041,7.4422,28.609,160.12,228.68
1042,7.5658,204.63,143.38,80.813
1043,7.4897,117.97,124.64,222.88
1044,7.4568,231.05,134.96,196.72
1045,7.5481,31.216,234.25,19.885
1046,7.4259,140.47,123.75,55.231
1047,7.587,47.376,204.14,140.1
1048,7.6764,192.54,23.653,43.382
1049,7.5906,125.18,111.42,74.65
1050,7.6783,22.359,154.71,3.8648
1051,7.5663,37.449,121.38,185
1052,7.6822,71.407,38.035,62.992
1053,7.593,148.59,147.46,62.584
1054,7.4986,173.09,204.07,210.85
1055,7.6267,25.787,189.8,201.45
1056,7.4884,27.473,144.27,35.634
1057,7.6325,177.49,71.022,191.91
1058,7.655,179.36,158.8,91.23
1059,7.6376,209.85,116.32,73.063
1060,7.8666,131.85,10.58,115.61
1061,7.6342,112.99,195.43,196.38
1062,7.702,208.32,208.18,65.635
1063,7.469,207.6,109.2,74.336
1064,7.5463,150.68,16.531,149.48
1065,7.4966,23.935,195.52,134.1
1066,7.6273,32.891,194.26,190.86
1067,7.4628,183.54,197.27,187.99
1068,7.4972,162.09,188.22,169.24
1069,7.5036,150.77,153.15,90.022
1070,7.6213,5.7216,209.57,144.15
1071,7.5731,202.66,42.452,3.906
1072,7.4858,125.48,70.457,123.26
1073,7.6321,98.002,81.098,203.34
1074,7.5869,170.91,204.72,165.8
1075,7.5005,108.87,228.76,221.42
1076,7.6484,117.79,231.37,227.62
1077,7.5116,32.021,60.003,69.339
1078,7.4854,42.378,208.39,68.07
1079,7.3866,158.71,0.1465,62.572
1080,7.5131,153.16,14.731,227.32
1081,7.4806,196.24,205.27,54.554
1082,7.3635,194.75,37.682,6.2791
1083,7.3262,54.605,145.19,99.466
1084,7.4565,136.47,186.86,75.719
1085,7.4188,99.434,140.79,50.916
1086,7.9936,162.91,211.33,23.437
1087,7.5562,83.367,181.07,60.699
1088,7.461,77.98,225.52,142.8
1089,7.5314,219.5,85.229,229.31
1090,7.4048,202.63,142.05,115.85
1091,7.486,131.86,189.44,27.139
1092,7.857,75.597,160.71,203.51
1093,7.3188,148.99,175.62,231.08
1094,7.4302,168.81,185.65,112.62
1095,7.4205,116.06,125.85,53.782
1096,7.4653,187.98,185.79,141.43
1097,7.414,40.921,164.87,166.95
1098,7.4211,10.715,199.79,49.665
1099,7.5127,42.225,99.005,166.57
1100,7.4469,44.57,160.13,83.296
1101,7.462,174.9,2.7489,160.48
1102,7.5361,220.02,153.93,99.634
1103,7.4727,8.3983,80.006,173.8
1104,7.3575,53.429,26.733,142.19
1105,7.4389,207.63,97.273,123.51
1106,7.4319,111.93,46.152,97.734
1107,7.3164,230.5,63.96,152.52
1108,7.4274,105.88,116.43,59.788
1109,7.4488,209.58,122.49,200.51
1110,7.4534,150.38,160.58,218.17
1111,7.4431,23.443,173.85,6.0018
1112,7.4836,156.63,41.017,71.144
1113,7.2863,106.28,171.55,130.55
1114,7.396,201.61,148.45,104.44
1115,7.4491,82.916,207.24,76.635
1116,7.4441,127.75,64.356,38.216
1117,7.2624,178.84,16.52,20.389
1118,7.353,179.48,0.41259,129.75
1119,7.5742,102.55,20.214,28.458
1120,7.3376,33.641,133.17,194.17
1121,7.2733,174.41,197.06,101.82
1122,7.3721,22.22,222.01,124.42
1123,7.6101,172.87,12.309,28.717
1124,7.1893,219.04,95.366,40.3
1125,7.4091,129.98,66.013,24.594
1126,7.3351,199.48,8.0143,73.727
1127,7.2587,21.789,127.89,12.4
1128,7.3186,113.61,141.12,110.37
1129,7.2776,212.88,210.45,51.449
1130,7.2126,32.953,92.152,221.03
1131,7.2597,29.137,173.87,10.623
1132,7.2609,194.96,4.1945,22.369
1133,7.2322,134.6,172.48,106.2
1134,7.2613,27.155,92.752,51.771
1135,7.2926,184.36,53.418,207.59
1136,7.3464,98.924,69.177,221.67
1137,7.3087,90.668,233.47,160.47
1138,7.3677,21.795,182.16,147.67
1139,7.336,198.96,30.354,36.138
1140,7.4141,170.27,141.22,66.345
1141,7.2454,138.14,213.07,69.042
1142,7.1878,13.572,137.6,224.59
1143,7.1864,228.44,13.614,173.86
1144,7.3788,229.85,47.756,136.9
1145,7.2842,131.7,203.67,199.94
1146,7.3922,79.717,0.1465,3.4973
1147,7.23,177.7,234.05,97.682
1148,7.2309,222.29,178.03,154.47
1149,7.2568,216.41,225.96,213.97
1150,7.1958,95.006,63.408,161.86
1151,7.1365,61.635,51.129,149.61
1152,7.1986,127.04,34.469,29.221
1153,7.2478,44.724,194.31,118.48
1154,7.2276,101.23,128.83,152.72
1155,7.198,145.79,159.47,93.954
1156,7.297,100.43,138.25,148.95
1157,7.3327,174.45,216.86,3.1856
1158,7.3579,231.27,149.96,174.93
1159,7.2707,231.25,15.77,57.827
1160,7.4139,99.031,67.973,231.3
1161,7.1559,231.28,107.69,5.0802
1162,7.1479,173.91,0.1465,206.05
1163,7.1739,102.61,44.063,68.971
1164,7.2437,102.23,114.46,109.11
1165,7.181,215.22,51.74,93.121
1166,7.1965,120.91,60.242,99.674
1167,7.5551,90.744,0.87607,85.846
1168,7.064,4.5229,136.39,39.161
1169,7.2714,148.84,183.55,137.5
1170,7.2649,213.17,0.29593,35.667
1171,7.2341,195.43,23.897,31.46
1172,7.2916,158.85,117.67,231.17
1173,7.1697,120.51,190.21,26.773
1174,7.139,107.87,167.19,161.28
1175,7.1145,71.012,134.99,20.604
1176,7.1193,68.115,33.608,127.67
1177,7.1872,158.41,33.775,213.94
1178,7.1167,80.76,170.16,40.526
1179,7.4094,138.29,15.819,231.32
1180,7.1387,123.01,71.002,113.54
1181,6.9934,39.736,135.82,180.94
1182,7.0646,174.24,178.86,39.066
1183,7.1374,214.38,1.9804,230.22
1184,7.1131,67.342,0.1465,140.25
1185,7.1838,156.05,134.72,3.2354
1186,7.1332,139.73,70.153,11.647
1187,7.1865,58.603,31.419,147.51
1188,7.271,228.73,67.686,136.83
1189,7.1099,222.95,34.693,216.39
1190,7.069,54.39,130.58,228.31
1191,7.1383,70.596,15.411,81.267
1192,7.1413,196.05,66.994,209.28
1193,7.1161,107.47,64.809,203.82
1194,7.0306,3.7213,194.44,39.069
1195,6.9925,94.218,79.277,9.5914
1196,6.9321,14.221,45.305,74.256
1197,6.8677,101.52,127.89,24.469
1198,7.1486,130.09,66.703,44.933
1199,7.0883,230.62,47.662,156.6
1200,6.8531,229.56,0.1465,47.026
1201,7.5512,108.71,107.93,65.336
1202,7.0646,75.081,195.97,113.51
1203,6.9301,157.45,194.13,159.79
1204,7.122,139.43,217.66,213.68
1205,7.1508,231.15,166.66,187.54
1206,7.1417,107.74,177.85,25.454
1207,7.0373,69.692,197.62,130.74
1208,7.1582,224.73,174.43,230.61
1209,6.9559,3.0744,159.51,147.44
1210,7.1226,118.37,110.27,4.7343
1211,7.1935,30.197,137.14,201.55
1212,7.0333,218.76,142.67,8.6806
1213,7.0638,49.067,197.08,75.298
1214,7.0599,131.41,30.068,34.278
1215,6.9554,4.5644,169.13,136.35
1216,6.8395,130.26,10.693,137.54
1217,7.0557,19.778,136.54,15.358
1218,7.048,206.29,146.93,231.28
1219,6.99,163.64,11.681,39.436
1220,6.7886,70.759,174.48,68.128
1221,7.4823,109.03,171.38,34.278
1222,7.0421,165.84,5.1275,159.2
1223,7.0292,230.3,148.13,57.574
1224,7.0304,182.38,165.46,49.206
1225,6.9081,27.039,151.65,15.632
1226,6.9367,24.215,60.589,4.8191
1227,6.8883,226.27,205.84,81.308
1228,6.8834,30.38,131.98,216.93
1229,6.8415,187.68,53.201,65.817
1230,7.0821,44.017,79.496,110.76
1231,6.8511,134.32,192.37,200.22
1232,6.9837,3.1664,70.094,191.17
1233,6.9297,55.146,204.06,5.4531
1234,7.0634,205.08,98.783,8.9406
1235,7.0704,225.04,225.45,213.35
1236,6.8853,17.732,38.799,142.77
1237,7.0616,65.336,220.19,90.293
1238,6.8933,132.95,77.529,12.442
1239,6.8881,33.319,36.522,98.271
1240,6.8555,67.216,8.0299,112.71
1241,6.8636,152.76,185.63,56.754
1242,6.7522,163.35,31.78,68.127
1243,7.0095,3.0567,128.63,108.87
1244,6.9347,224.31,56.826,98.283
1245,6.802,231.37,157.44,184.46
1246,6.7828,126.41,129.63,24.422
1247,6.8422,25.386,141.4,217.04
1248,6.9242,220.19,234.25,221.49
1249,6.6705,192.65,0.1465,8.0526
1250,6.8609,93.801,64.301,30.6
1251,6.989,86.731,69.969,104.11
1252,6.9194,102.63,206.75,35.188
1253,6.8878,218.7,209.17,69.016
1254,6.8293,160.19,223.45,199.63
1255,6.7705,134.95,59.612,217.5
1256,6.9354,181.14,128.54,96.947
1257,6.7631,163.9,215.23,16.303
1258,6.877,198.5,49.023,148.8
1259,6.8927,214.85,37.982,33.157
1260,6.9131,124.94,75.154,8.4826
1261,6.8113,221.31,218.37,62.245
1262,7.2333,20.166,233.82,139
1263,6.9337,122.49,3.0599,132.21
1264,6.8068,115.62,62.186,75.112
1265,6.8777,166.16,197.97,162.49
1266,6.7269,128.72,168.33,8.6087
1267,6.8376,9.0303,224.07,61.414
1268,6.7212,195.87,89.75,122.65
1269,6.9576,91.527,135.37,87.278
1270,6.7482,144.6,40.557,3.0062
1271,6.8492,220.55,57.208,69.081
1272,6.7187,167.98,147.84,203.74
1273,6.7654,202.53,31.742,126.4
1274,6.7475,130.75,180.65,68.166
1275,6.741,171.55,191.75,86.501
1276,6.8671,157.94,150.07,11.862
1277,6.8679,179.11,59.282,166.42
1278,6.8306,163.05,224.44,6.3091
1279,6.6906,154.27,152.57,3.6455
1280,6.8792,43.542,38.614,230
1281,6.7081,105.4,164.48,63.152
1282,6.6933,224.23,97.1,84.232
1283,6.7016,11.812,209.36,177.17
1284,6.8268,134.87,193.78,35.722
1285,6.8147,94.472,233.8,84.823
1286,6.8681,72.225,233.79,154.08
1287,6.8464,133.9,63.805,14.187
1288,6.7109,76.328,204.28,100.04
1289,6.8899,153.82,194.18,227.91
1290,6.8198,132.17,0.1465,108.38
1291,6.8225,156.28,201.63,24.608
1292,6.6717,38.598,135.22,214.55
1293,6.6891,97.749,163.37,85.893
1294,6.7548,169.83,28.499,2.9558
1295,6.6869,153,190.56,79.509
1296,6.6766,138.06,163.02,101.86
1297,6.6305,194.11,214.99,153.12
1298,7.1799,40.531,162.47,75.029
1299,6.7424,47.698,185.53,74.335
1300,6.5656,204.61,234.25,121.75
1301,6.5343,11.24,217.56,129.66
1302,6.625,200.89,16.299,64.677
1303,6.5825,208.16,151.97,107.42
1304,6.6245,112.89,184.97,28.834
1305,6.7475,111.33,81.089,2.8306
1306,6.7713,152.71,31.94,2.8302
1307,6.5908,2.831,26.778,80.777
1308,6.8159,41.896,200.72,231.59
1309,6.582,231.59,9.8798,7.5029
1310,6.5651,109.4,198.22,2.8415
1311,6.823,230.89,102.85,231.59
1312,6.7444,141.97,179.66,79.682
1313,6.454,63.166,85.417,24.176
1314,6.6944,27.933,209.95,230.59
1315,6.5801,48.513,91.939,16.295
1316,6.5592,75.688,187.71,97.76
1317,7.2397,138.18,43.654,61.925
1318,6.7303,135.63,182.5,62.036
1319,6.7484,17.433,208.33,192.22
1320,6.5581,46.727,84.623,95.941
1321,6.528,42.304,146.09,215.15
1322,6.4939,97.387,36.181,216.43
1323,6.5262,180,55.89,81.621
1324,6.4422,178.83,65.474,95.079
1325,6.5426,66.046,4.4854,120.06
1326,6.4145,8.6366,26.206,23.026
1327,6.4832,227.86,21.205,174.16
1328,6.4463,193.25,144.31,99.721
1329,6.5664,195.28,37.412,13.722
1330,6.5151,120.63,105.34,66.893
1331,6.6205,8.0463,163.4,124.54
1332,6.4269,53.76,92.479,181.52
1333,6.4889,199.93,29.153,55.291
1334,6.4454,229.29,178.82,192.65
1335,6.608,80.984,39.552,28.261
1336,6.669,225.8,160.91,47.463
1337,6.3683,21.858,234.25,146.62
1338,6.5484,102.13,129.32,59.466
1339,6.5934,58.067,14.087,3.7239
1340,6.5131,216.27,139.95,221.7
1341,6.4601,221.91,67.179,59.562
1342,6.5301,159.31,12.699,27.503
1343,6.5378,141.95,176.4,20.408
1344,6.4002,226.39,63.767,83.919
1345,6.4158,25.111,5.3774,7.463
1346,6.4184,131.19,88.038,6.2737
1347,6.5661,174.03,69.365,90.94
1348,6.4658,187.3,232.2,65.42
1349,6.5412,197.87,13.064,25.201
1350,6.3448,42.01,158.33,177.41
1351,6.3664,196.51,216.09,112.69
1352,6.5985,200.88,15.819,19.595
1353,6.3772,197.88,42.039,160.07
1354,6.5802,120.51,40.365,66.221
1355,6.4937,169.57,174.15,45.461
1356,6.3883,166.61,138.09,225.17
1357,6.5336,224.73,177.68,24.431
1358,6.4429,15.112,32.656,85.018
1359,6.5708,108.92,204.8,199.04
1360,6.5494,146.4,155.59,59.089
1361,6.4915,228.71,0.1465,122.76
1362,6.3099,6.0597,42.365,45.561
1363,6.4657,23.754,43.744,204.69
1364,6.5712,144.21,122.47,2.906
1365,6.4786,145.24,224.14,96.587
1366,6.3884,3.0027,208.5,52.51
1367,6.2931,11.911,226.93,121.99
1368,6.4182,101.83,36.8,60.63
1369,6.3239,58.684,229.9,6.329
1370,6.2777,20.104,214.36,203.45
1371,6.3229,96.791,35.079,66.353
1372,6.229,221.94,146.06,183.3
1373,6.3614,197.12,31.847,46.469
1374,6.3229,88.274,169.79,118.27
1375,6.2352,172.17,234.25,165.41
1376,6.3902,191.82,228.47,154.76
1377,6.2823,230.08,54.926,103
1378,6.3323,213.51,124.59,41.187
1379,6.2794,32.681,91.026,181.17
1380,6.4337,174.92,56.727,144.93
1381,6.5414,118.37,92.591,2.7338
1382,6.3278,15.902,77.52,221
1383,6.2669,193.53,70.228,133.13
1384,6.3785,9.522,16.452,19.26
1385,6.4896,155.92,80.285,9.8568
1386,6.308,21.313,125.58,3.0402
1387,6.2742,150.2,188.82,164.17
1388,6.2611,220.22,189.15,81.648
1389,6.2723,198.82,234.25,128.12
1390,6.2218,58.408,170.1,132.03
1391,6.32,223.93,181.3,180.95
1392,6.2457,81.032,181.55,120.92
1393,6.6586,126.96,204.7,62.412
1394,6.2768,6.2679,65.555,202.82
1395,6.206,153.65,171,216.44
1396,6.148,83.361,92.178,43.837
1397,6.3045,98.779,230.5,180.31
1398,6.3304,142.34,167.83,29.81
1399,6.2514,200.5,103.66,197.91
1400,6.2797,21.232,148.33,222.93
1401,6.2763,153.27,207.54,203.46
1402,6.2517,194.38,123.88,118.87
1403,6.1955,38.891,72.272,101.23
1404,6.3795,101.66,202.39,10.204
1405,6.2363,3.3957,63.401,70.957
1406,6.3141,167.07,146.33,227.34
1407,6.1573,91.005,55.863,33.223
1408,6.1927,177.45,190.66,77.177
1409,6.4242,174.64,178.44,92.085
1410,6.3709,231.47,223.73,112.24
1411,6.2339,230.8,6.2758,80.333
1412,6.2903,12.052,188.47,135.87
1413,6.172,154.33,182.34,87.439
1414,6.295,215.9,136.29,61.052
1415,6.2197,204.98,30.981,62.929
1416,6.2273,2.8329,166.47,192.68
1417,6.1628,41.698,234.25,17.071
1418,6.2792,212.51,151.25,223.82
1419,6.3163,231.67,17.851,8.8074
1420,6.2538,231.7,40.159,165.99
1421,6.1661,182.89,31.488,2.7166
1422,6.2841,105.46,112.25,8.9747
1423,6.2143,146.88,0.31913,31.818
1424,6.089,208.53,214.08,4.2477
1425,6.694,220.34,220.82,9.8447
1426,6.271,145.19,179.05,214.8
1427,6.2909,68.251,147.35,96.267
1428,6.0962,22.708,216.04,162.69
1429,6.0419,62.582,156.27,31.826
1430,6.2045,217.83,202.17,58.769
1431,6.2148,18.064,96.107,38.84
1432,6.1238,70.227,217.19,2.7336
1433,5.9581,178.59,59.93,88.051
1434,6.0905,194.66,234.25,164.15
1435,6.0611,151.69,0.1465,227.59
1436,6.3098,227.07,143.57,2.6191
1437,6.1907,16.411,73.3,2.5259
1438,6.7914,181.37,212.43,2.7921
1439,5.9859,54.922,208.22,231.85
1440,6.1735,153.95,110.17,231.82
1441,6.0545,20.311,93.817,231.89
1442,6.1623,2.5046,15.88,135.96
1443,6.0099,70.401,205.87,231.87
1444,6.1335,230.47,213.6,105.29
1445,6.02,193.3,38.855,214.68
1446,5.9965,7.5374,59.085,187.96
1447,6.0186,157.49,173.41,97.456
1448,6.5435,49.997,75.298,106.47
1449,5.9568,41.454,84.457,71.638
1450,6.0401,50.044,194.68,107.9
1451,6.0204,21.277,72.881,11.354
1452,6.077,230.98,226.74,64.675
1453,6.0151,183.37,61.112,160.68
1454,5.9231,95.981,200.02,2.5055
1455,5.9248,143.44,135.83,2.5564
1456,6.0377,223.03,136.04,11.196
1457,6.014,185.32,146.52,93.658
1458,5.9971,16.53,113.94,50.015
1459,6.0102,206.34,166.91,204.56
1460,5.9928,166.75,190.91,155.7
1461,5.9867,69.315,48.609,5.9984
1462,5.9257,231.86,21.295,182.44
1463,6.0527,160.45,193.61,186.35
1464,5.9808,228.58,45.527,54.875
1465,5.9131,225.96,62.539,73.671
1466,5.9633,219.06,189.9,231.92
1467,6.0155,45.299,81.865,65.635
1468,6.2669,29.297,79.986,231.83
1469,5.7834,2.4835,2.7787,182.07
1470,6.29,136.25,81.457,231.77
1471,6.0393,217.21,205.1,2.5474
1472,5.833,101.56,124.35,43.779
1473,6.0204,14.36,73.722,214.7
1474,5.9188,63.757,165.06,30.423
1475,5.9331,2.4833,133.53,25.441
1476,5.827,231.67,66.937,109.99
1477,5.8318,145.12,179.76,60.198
1478,5.8126,231.92,71.414,119.96
1479,6.0034,159.98,234.25,2.6309
1480,5.8023,90.145,81.637,231.25
1481,5.8099,27.888,84.58,219.07
1482,5.798,23.928,75.156,203.59
1483,5.813,25.943,59.604,195.69
1484,5.8602,138.36,155.33,56.64
1485,5.8927,220.75,75.323,99.374
1486,5.7961,87.429,201.42,214.43
1487,5.7762,85.678,104.84,33.575
1488,5.8076,83.323,206.43,126.61
1489,5.7148,2.4803,12.098,153.12
1490,5.7393,178.52,144.85,70.451
1491,5.7897,16.808,161.49,2.7932
1492,5.8547,76.355,7.9353,96.607
1493,5.7638,19.28,209.62,172.71
1494,5.7714,139.61,234.25,103.18
1495,5.6374,126.39,49.085,30.318
1496,6.2908,107.24,177.26,2.5966
1497,5.8101,160.65,185.8,17.105
1498,5.5788,29.74,66.071,231.92
1499,5.8759,224.91,197.77,78.007
1500,5.8231,89.966,193.6,2.5291
1501,5.8145,171.13,225.98,94.498
1502,5.7144,2.4778,48.878,197.02
1503,5.9465,144.33,176.97,109.53
1504,5.5855,179.71,234.25,76.61
1505,5.7858,227.48,0.1465,4.3921
1506,5.9155,22.229,74.108,231.77
1507,5.6292,135.82,24.106,2.4776
1508,5.765,93.914,217.5,143
1509,6.3134,140.64,141.95,161.45
1510,5.7823,210.55,37.501,23.56
1511,5.5729,202.31,112.03,46.44
1512,5.6102,103.63,79.841,11.26
1513,5.7432,18.884,7.1871,213.03
1514,5.686,45.002,122.32,231.82
1515,5.6374,3.6443,211.48,183.84
1516,5.76,127.52,153.03,22.89
1517,5.777,171.99,204.13,37.893
1518,5.757,2.5121,229.73,53.556
1519,5.5166,20.355,228.12,155.73
1520,5.5783,215.54,103.56,4.308
1521,5.4539,219.05,57.574,87.769
1522,5.9858,61.869,161.44,200.38
1523,5.6002,191.48,38.035,58.968
1524,5.6631,2.4099,26.08,202.62
1525,5.5334,231.94,186.7,47.349
1526,5.5982,19.779,86.081,227.42
1527,5.5963,9.4492,79.592,225.36
1528,5.5762,212.67,7.8022,44.146
1529,5.604,2.3734,21.245,88.457
1530,5.5835,13.12,51.6,199.61
1531,5.5372,177.07,112,121.84
1532,5.5394,150.34,234.25,68.189
1533,5.5371,166.15,234.25,88.294
1534,5.5837,2.2777,10.401,26.666
1535,6.0165,142.59,168.91,231.47
1536,5.6122,232.15,36.671,124.23
1537,5.6246,151.77,127.73,212.86
1538,5.394,70.459,131.38,110.38
1539,5.4735,24.522,208.26,166.81
1540,5.6546,26.043,87.343,232.07
1541,5.3419,92.109,234.25,170.65
1542,5.5316,21.972,0.1465,131.09
1543,5.5339,32.933,67.311,100.21
1544,5.3812,37.132,47.629,232.16
1545,5.5754,25.545,72.157,223.26
1546,5.4207,56.408,86.899,177.9
1547,5.508,192.57,72.789,18.728
1548,5.5129,24.208,78.795,214.99
1549,5.3457,135.86,92.734,2.2288
1550,5.3001,20.325,199.09,195.87
1551,5.5387,123.59,231.13,217.35
1552,5.3731,232.2,141.72,211.16
1553,5.5283,175.8,51.467,89.754
1554,5.4915,7.8466,0.1465,180.52
1555,5.3155,138.69,75.488,21.216
1556,5.3297,137.52,35.653,56.379
1557,5.316,143.74,167.48,42.25
1558,5.3236,202.54,116.49,37.421
1559,5.3643,8.6442,229.98,232.17
1560,5.379,28.711,69.03,90.395
1561,5.4568,78.521,188.76,119.6
1562,5.2786,3.9731,12.361,81.886
1563,5.9853,126.6,166.71,101.08
1564,5.2476,56.392,217.48,142.58
1565,5.3314,2.2606,234.25,232.07
1566,5.2787,16.23,185.67,195.76
1567,5.2652,24.01,133.5,2.1938
1568,5.2548,167.17,212.05,202.14
1569,5.2783,139.6,128.19,6.7361
1570,5.2452,92.292,144.3,43.509
1571,5.3035,126.57,187.33,199
1572,5.1047,2.1555,175.95,131.47
1573,5.3029,58.24,3.8061,97.95
1574,5.0774,71.639,142.87,24.804
1575,5.2562,82.717,172.31,104.09
1576,5.1289,204.33,28.529,231.97
1577,5.2013,79.327,210.13,134.65
1578,5.0607,180.09,6.594,24.148
1579,5.0293,161.64,202.9,232.21
1580,5.0546,155.74,234.25,207.67
1581,5.1541,11.398,189.63,187.65
1582,5.1417,2.1373,3.1067,78.228
1583,5.0256,143.69,209.85,213.19
1584,4.9804,126.8,172.43,89.227
1585,5.0308,168.6,5.093,127.99
1586,4.876,100.91,13.641,161
1587,5.0941,176.32,0.29898,188.24
1588,5.067,144.18,97.978,2.1133
1589,4.8442,208.23,199.11,83.357
1590,5.0134,203.34,198.23,122.92
1591,5.1034,150.58,15.986,41.609
1592,5.044,6.8585,198.6,180.76
1593,5.1572,172.16,233.23,2.1546
1594,5.0729,10.97,208.91,133
1595,4.7639,2.1975,219.9,59.594
1596,4.988,159.26,214,32.227
1597,5.0603,2.9385,87.759,232.36
1598,5.0724,212.73,230,1.9611
1599,4.7998,81.307,90.649,26.165
1600,5.0618,232.35,3.9222,127.16
1601,4.8938,230.42,110.95,232.01
1602,4.8474,99.473,129.73,48.828
1603,4.9031,156.52,230.41,38.447
1604,4.811,110.97,36.186,232.47
1605,4.7881,86.876,100.16,25.644
1606,4.9332,183.69,152.68,81.558
1607,4.8393,98.375,52.201,35.673
1608,4.8276,151.15,206.45,232.39
1609,4.8035,152.31,216.64,94.98
1610,4.5938,177.41,231.36,61.383
1611,4.7294,82.197,221.88,134.13
1612,4.7055,167.36,234.25,230.77
1613,4.5945,230.41,0.1465,35.317
1614,4.5205,94.226,119.69,10.089
1615,4.6483,231.53,211.36,1.8817
1616,4.7233,60.326,197.35,104.83
1617,4.7943,176.95,92.878,209.1
1618,4.8085,181.36,87.168,208.62
1619,4.7494,142.2,109.62,17.87
1620,4.6207,21.583,0.53926,211.3
1621,4.4489,30.555,0.1465,12.746
1622,4.6192,167.12,182.24,21.306
1623,4.521,13.528,63.692,205.28
1624,4.5476,231.84,169.55,146.15
1625,4.4315,178.27,234.25,69.438
1626,4.5688,1.752,85.846,19.341
1627,4.2577,2.2369,212.07,130.83
1628,4.1684,71.409,234.25,137.27
1629,4.0702,126.98,0.1465,230.12
1630,4.0817,81.064,215.76,1.6093
1631,4.1205,225.72,21.243,42.705
1632,4.2943,32.584,175.61,181.95
1633,4.2889,165.84,120.23,1.7309
1634,4.1148,84.518,231.35,130.06
1635,4.1123,136.8,160.37,21.896
1636,4.0703,1.6182,112.64,4.0735
1637,3.8407,1.6314,155.74,74.567
1638,4.0964,52.444,109.99,228.45
1639,3.9966,67.133,199.26,102.6
1640,3.7641,1.3944,197.51,134.36
1641,3.7288,231.91,146.97,193.08
1642,3.5972,3.1349,0.1465,29.545
1643,3.8769,176.1,113.69,1.4621
1644,3.2936,1.2887,129.24,82.479
1645,3.2354,233.33,123.06,103.51
1646,2.9435,233.37,202.52,198.31
1647,2.6862,0.84145,105.48,1.0337
